0 0.482002 0.126215 0.141968 0.141236
0 0.59299 0.420167 0.156623 0.22374
4 0.496492 0.424313 0.318646 0.749814
2 0.302125 0.505644 0.399816 0.318861
0 0.59299 0.420167 0.156623 0.22374
3 0.200562 0.268551 0.401125 0.537103
6 0.238828 0.326561 0.259469 0.418934
6 0.126054 0.556104 0.154779 0.27476
6 0.243524 0.701757 0.111815 0.174467
5 0.559155 0.138507 0.04494 0.0443886
6 0.798928 0.557214 0.160445 0.152593
0 0.874986 0.386766 0.192801 0.214623
0 0.487025 0.199674 0.0776632 0.0689363
6 0.655373 0.555555 0.111837 0.155109
6 0.238828 0.326561 0.259469 0.418934
6 0.126054 0.556104 0.154779 0.27476
6 0.243524 0.701757 0.111815 0.174467
