6 0.238828 0.326561 0.259469 0.418934 0.487874
6 0.126054 0.556104 0.154779 0.27476 0.401507
6 0.243524 0.701757 0.111815 0.174467 0.28738
6 0.241024 0.324662 0.170471 0.31919 0.152151
6 0.244499 0.704268 0.140273 0.212093 0.126906
6 0.242611 0.327751 0.107433 0.208585 0.111399
5 0.125981 0.549757 0.14225 0.244508 0.088691
5 0.243651 0.696796 0.0991342 0.15372 0.0638766
5 0.559155 0.138507 0.04494 0.0443886 0.299583
5 0.219011 0.25217 0.0434261 0.0452529 0.189101
5 0.219127 0.13911 0.0430383 0.0440358 0.165894
5 0.417284 0.081649 0.0485232 0.0490857 0.162589
5 0.531308 0.0816962 0.0465597 0.0491061 0.124372
5 0.446435 0.137767 0.0423324 0.0389851 0.0958823
5 0.644874 0.0815221 0.0473226 0.0495142 0.0879465
5 0.474905 0.0811398 0.0480738 0.0469007 0.084762
5 0.502622 0.138614 0.0442821 0.0408654 0.0784333
3 0.48016 0.175813 0.629978 0.247664 0.0625347
6 0.655373 0.555555 0.111837 0.155109 0.342077
5 0.654555 0.556122 0.107655 0.147654 0.161172
6 0.65577 0.549773 0.141346 0.198352 0.0714373
0 0.480392 0.357987 0.477953 0.575165 0.0599365
0 0.500368 0.33833 0.163676 0.130168 0.720807
3 0.287404 0.429768 0.103968 0.121532 0.692179
0 0.591785 0.518931 0.177043 0.230425 0.434616
7 0.591491 0.517293 0.181282 0.23811 0.231266
0 0.587556 0.533176 0.11951 0.155853 0.108243
4 0.496492 0.424313 0.318646 0.749814 0.363202
4 0.499154 0.377412 0.266268 0.610317 0.19399
3 0.477224 0.390763 0.336948 0.0755264 0.233701
2 0.302125 0.505644 0.399816 0.318861 0.340724
3 0.303454 0.507439 0.400131 0.336131 0.192314
1 0.302926 0.603836 0.382287 0.0939716 0.176707
1 0.304047 0.51111 0.394675 0.300298 0.174157
1 0.303162 0.590274 0.274927 0.149208 0.151956
1 0.308537 0.59976 0.301561 0.0763949 0.143503
2 0.302125 0.505644 0.399816 0.318861 0.340724
2 0.302125 0.505644 0.399816 0.318861 0.340724
3 0.200562 0.268551 0.401125 0.537103 0.735955
3 0.200562 0.268551 0.401125 0.537103 0.735955
3 0.200562 0.268551 0.401125 0.537103 0.735955
3 0.311686 0.271538 0.166768 0.542741 0.0747444
3 0.200562 0.268551 0.401125 0.537103 0.735955
3 0.311686 0.271538 0.166768 0.542741 0.0747444
3 0.693958 0.643306 0.229313 0.21312 0.630432
0 0.261465 0.61582 0.0281198 0.0271198 0.464172
7 0.67322 0.181629 0.110386 0.103666 0.376904
3 0.702129 0.635719 0.171704 0.120796 0.247292
0 0.670716 0.180859 0.0899692 0.0939094 0.204096
3 0.695208 0.645697 0.0554461 0.0703594 0.164699
0 0.295399 0.205478 0.185438 0.171234 0.136123
3 0.697619 0.642282 0.0764016 0.08146 0.0942618
1 0.455469 0.205273 0.517204 0.170439 0.0884198
3 0.693958 0.643306 0.229313 0.21312 0.630432
0 0.261465 0.61582 0.0281198 0.0271198 0.464172
7 0.67322 0.181629 0.110386 0.103666 0.376904
3 0.702129 0.635719 0.171704 0.120796 0.247292
0 0.670716 0.180859 0.0899692 0.0939094 0.204096
3 0.695208 0.645697 0.0554461 0.0703594 0.164699
0 0.295399 0.205478 0.185438 0.171234 0.136123
3 0.697619 0.642282 0.0764016 0.08146 0.0942618
1 0.455469 0.205273 0.517204 0.170439 0.0884198
4 0.502504 0.409041 0.302933 0.401492 0.710923
3 0.118657 0.55461 0.137972 0.498224 0.237783
2 0.118015 0.5552 0.132354 0.494046 0.231813
2 0.888823 0.604676 0.049613 0.135426 0.147264
4 0.624314 0.291762 0.0394231 0.104745 0.0812121
3 0.886178 0.602633 0.0542309 0.133629 0.0684566
3 0.118657 0.55461 0.137972 0.498224 0.237783
2 0.118015 0.5552 0.132354 0.494046 0.231813
2 0.888823 0.604676 0.049613 0.135426 0.147264
4 0.624314 0.291762 0.0394231 0.104745 0.0812121
3 0.886178 0.602633 0.0542309 0.133629 0.0684566
3 0.118657 0.55461 0.137972 0.498224 0.237783
2 0.118015 0.5552 0.132354 0.494046 0.231813
2 0.888823 0.604676 0.049613 0.135426 0.147264
4 0.624314 0.291762 0.0394231 0.104745 0.0812121
3 0.886178 0.602633 0.0542309 0.133629 0.0684566
3 0.118657 0.55461 0.137972 0.498224 0.237783
2 0.118015 0.5552 0.132354 0.494046 0.231813
2 0.888823 0.604676 0.049613 0.135426 0.147264
4 0.624314 0.291762 0.0394231 0.104745 0.0812121
3 0.886178 0.602633 0.0542309 0.133629 0.0684566
